Event Name,Map Name,Team 1 Name,Team 2 Name,Team 1 Score,Team 2 Score,Team 1 Attacking Wins,Team 1 Attacking Losses,Team 1 Defending Wins,Team 1 Defending Losses,Team 2 Attacking Wins,Team 2 Attacking Losses,Team 2 Defending Wins,Team 2 Defending Losses,Date,Team 1 Agents,Team 2 Agents
Champions Tour 2024 Pacific: Ascension - Playoffs,Bind,Sin Prisa Gaming,BOOM Esports,17,15,10,6,7,9,9,7,6,10,2024-09-29T00:00:00.000Z,"Cypher,Brimstone,Skye,Neon,Deadlock","Raze,Cypher,Viper,Brimstone,Skye"
Champions Tour 2024 Pacific: Ascension - Playoffs,Haven,Sin Prisa Gaming,BOOM Esports,10,13,9,3,1,10,10,1,3,9,2024-09-29T00:00:00.000Z,"Breach,Cypher,Sova,Omen,Neon","Cypher,Viper,Omen,Skye,Neon"
Champions Tour 2024 Pacific: Ascension - Playoffs,Lotus,Sin Prisa Gaming,BOOM Esports,12,14,6,7,6,7,7,6,7,6,2024-09-29T00:00:00.000Z,"Cypher,Viper,Omen,Neon,Fade","Raze,Cypher,Viper,Omen,Fade"
Champions Tour 2024 Pacific: Ascension - Playoffs,Icebox,Sin Prisa Gaming,BOOM Esports,13,10,3,9,10,1,1,10,9,3,2024-09-29T00:00:00.000Z,"Sova,Killjoy,Viper,Jett,Harbor","Sova,Killjoy,Viper,Jett,Harbor"
Champions Tour 2024 Pacific: Ascension - Playoffs,Sunset,Sin Prisa Gaming,BOOM Esports,13,6,9,3,4,3,3,4,3,9,2024-09-29T00:00:00.000Z,"Breach,Cypher,Neon,Fade,Clove","Breach,Raze,Cypher,Omen,Gekko"
Champions Tour 2024 Pacific: Ascension - Playoffs,Sunset,FULL SENSE,BOOM Esports,9,13,5,7,4,6,6,4,7,5,2024-09-28T00:00:00.000Z,"Breach,Cypher,Sova,Omen,Neon","Breach,Raze,Cypher,Omen,Gekko"
Champions Tour 2024 Pacific: Ascension - Playoffs,Lotus,FULL SENSE,BOOM Esports,14,12,8,5,6,7,7,6,5,8,2024-09-28T00:00:00.000Z,"Breach,Killjoy,Omen,Astra,Neon","Raze,Killjoy,Viper,Omen,Fade"
Champions Tour 2024 Pacific: Ascension - Playoffs,Abyss,FULL SENSE,BOOM Esports,9,13,3,7,6,6,6,6,7,3,2024-09-28T00:00:00.000Z,"Breach,Cypher,Omen,Jett,Gekko","Cypher,Sova,Omen,Yoru,Clove"
Champions Tour 2024 Pacific: Ascension - Playoffs,Ascent,FULL SENSE,BOOM Esports,7,13,3,9,4,4,4,4,9,3,2024-09-28T00:00:00.000Z,"Sova,Killjoy,Omen,Jett,KAY/O","Sova,Killjoy,Omen,Jett,KAY/O"
Champions Tour 2024 Pacific: Ascension - Playoffs,Abyss,RIDDLE ORDER,BOOM Esports,3,13,0,4,3,9,9,3,4,0,2024-09-27T00:00:00.000Z,"Cypher,Sova,Omen,Jett,KAY/O","Cypher,Sova,Omen,Yoru,Clove"
Champions Tour 2024 Pacific: Ascension - Playoffs,Lotus,RIDDLE ORDER,BOOM Esports,15,17,10,6,5,11,11,5,6,10,2024-09-27T00:00:00.000Z,"Breach,Omen,Neon,Fade,Clove","Raze,Killjoy,Viper,Omen,Fade"
Champions Tour 2024 Pacific: Ascension - Playoffs,Haven,Sin Prisa Gaming,FULL SENSE,13,0,12,0,1,0,0,1,0,12,2024-09-27T00:00:00.000Z,"Breach,Cypher,Sova,Omen,Neon","Breach,Sova,Killjoy,Omen,Neon"
Champions Tour 2024 Pacific: Ascension - Playoffs,Bind,Sin Prisa Gaming,FULL SENSE,13,6,9,3,4,3,3,4,3,9,2024-09-27T00:00:00.000Z,"Cypher,Brimstone,Neon,Fade,Deadlock","Raze,Viper,Brimstone,Fade,Gekko"
Champions Tour 2024 Pacific: Ascension - Playoffs,Bind,BOOM Esports,Disguised,14,12,3,10,11,2,2,11,10,3,2024-09-24T00:00:00.000Z,"Raze,Cypher,Viper,Brimstone,Skye","Raze,Viper,Omen,Yoru,Gekko"
Champions Tour 2024 Pacific: Ascension - Playoffs,Icebox,BOOM Esports,Disguised,6,13,4,3,2,10,10,2,3,4,2024-09-24T00:00:00.000Z,"Killjoy,Viper,Jett,KAY/O,Gekko","Sova,Killjoy,Viper,Reyna,Jett"
Champions Tour 2024 Pacific: Ascension - Playoffs,Lotus,BOOM Esports,Disguised,14,12,4,9,10,3,3,10,9,4,2024-09-24T00:00:00.000Z,"Raze,Killjoy,Viper,Omen,Fade","Raze,Cypher,Omen,Neon,Fade"
Champions Tour 2024 Pacific: Ascension - Playoffs,Haven,Justice For Tomorrow,RIDDLE ORDER,9,13,4,8,5,5,5,5,8,4,2024-09-24T00:00:00.000Z,"Breach,Cypher,Sova,Omen,Neon","Killjoy,Viper,Omen,Jett,Skye"
Champions Tour 2024 Pacific: Ascension - Playoffs,Sunset,Justice For Tomorrow,RIDDLE ORDER,1,13,0,2,1,11,11,1,2,0,2024-09-24T00:00:00.000Z,"Breach,Raze,Cypher,Omen,Neon","Cypher,Sova,Omen,KAY/O,Neon"
Champions Tour 2024 Pacific: Ascension - Playoffs,Ascent,Disguised,Revenant Esports,13,5,4,2,9,3,3,9,2,4,2024-09-23T00:00:00.000Z,"Cypher,Sova,Omen,Jett,Iso","Cypher,Sova,Omen,Yoru,Deadlock"
Champions Tour 2024 Pacific: Ascension - Playoffs,Bind,Disguised,Revenant Esports,13,5,9,3,4,2,2,4,3,9,2024-09-23T00:00:00.000Z,"Raze,Viper,Omen,Yoru,Gekko","Raze,Viper,Brimstone,Fade,Gekko"
Champions Tour 2024 Pacific: Ascension - Playoffs,Lotus,Disguised,Revenant Esports,13,15,6,8,7,7,7,7,8,6,2024-09-23T00:00:00.000Z,"Raze,Cypher,Omen,Neon,Fade","Raze,Viper,Omen,Chamber,Fade"
Champions Tour 2024 Pacific: Ascension - Playoffs,Ascent,RIDDLE ORDER,NAOS Esports,13,11,5,7,8,4,4,8,7,5,2024-09-23T00:00:00.000Z,"Sova,Killjoy,Omen,Jett,KAY/O","Sova,Killjoy,Omen,Jett,KAY/O"
Champions Tour 2024 Pacific: Ascension - Playoffs,Lotus,RIDDLE ORDER,NAOS Esports,13,3,11,1,2,2,2,2,1,11,2024-09-23T00:00:00.000Z,"Breach,Omen,Neon,Fade,Clove","Raze,Killjoy,Viper,Omen,Fade"
Champions Tour 2024 Pacific: Ascension - Playoffs,Haven,RIDDLE ORDER,NAOS Esports,15,17,7,9,8,8,8,8,9,7,2024-09-23T00:00:00.000Z,"Killjoy,Viper,Omen,Jett,Skye","Cypher,Sova,Omen,Yoru,Iso"
Champions Tour 2024 Pacific: Ascension - Playoffs,Lotus,FULL SENSE,Justice For Tomorrow,13,9,6,4,7,5,5,7,4,6,2024-09-23T00:00:00.000Z,"Breach,Killjoy,Omen,Astra,Neon","Breach,Omen,Neon,Fade,Clove"
Champions Tour 2024 Pacific: Ascension - Playoffs,Ascent,FULL SENSE,Justice For Tomorrow,13,8,5,7,8,1,1,8,7,5,2024-09-23T00:00:00.000Z,"Sova,Killjoy,Omen,Jett,KAY/O","Cypher,Sova,Omen,Jett,Iso"
Champions Tour 2024 Pacific: Ascension - Playoffs,Icebox,Sin Prisa Gaming,BOOM Esports,13,9,9,3,4,6,6,4,3,9,2024-09-22T00:00:00.000Z,"Sova,Killjoy,Viper,Jett,Harbor","Killjoy,Viper,Jett,KAY/O,Gekko"
Champions Tour 2024 Pacific: Ascension - Playoffs,Lotus,Sin Prisa Gaming,BOOM Esports,13,3,11,1,2,2,2,2,1,11,2024-09-22T00:00:00.000Z,"Cypher,Viper,Omen,Neon,Fade","Raze,Killjoy,Viper,Omen,Fade"
Champions Tour 2024 Pacific: Ascension - Playoffs,Haven,Rapid Lofi,Revenant Esports,3,13,1,3,2,10,10,2,3,1,2024-09-22T00:00:00.000Z,"Breach,Cypher,Phoenix,Omen,Neon","Cypher,Sova,Omen,Yoru,Iso"
Champions Tour 2024 Pacific: Ascension - Playoffs,Bind,Rapid Lofi,Revenant Esports,3,13,0,4,3,9,9,3,4,0,2024-09-22T00:00:00.000Z,"Raze,Viper,Brimstone,Fade,Gekko","Raze,Viper,Brimstone,Fade,Gekko"
Champions Tour 2024 Pacific: Ascension - Playoffs,Lotus,NAOS Esports,Oblivion Force,13,7,4,4,9,3,3,9,4,4,2024-09-22T00:00:00.000Z,"Raze,Killjoy,Viper,Omen,Fade","Raze,Cypher,Viper,Omen,Fade"
Champions Tour 2024 Pacific: Ascension - Playoffs,Icebox,NAOS Esports,Oblivion Force,13,10,5,6,8,4,4,8,6,5,2024-09-22T00:00:00.000Z,"Sova,Killjoy,Viper,Jett,Harbor","Killjoy,Viper,Jett,KAY/O,Deadlock"
Champions Tour 2024 Americas: Ascension - Playoffs,Bind,2Game Esports,M80,13,6,10,2,3,4,4,3,2,10,2024-09-21T00:00:00.000Z,"Raze,Viper,Brimstone,Skye,Gekko","Raze,Viper,Brimstone,Skye,Gekko"
Champions Tour 2024 Americas: Ascension - Playoffs,Haven,2Game Esports,M80,13,7,9,3,4,4,4,4,3,9,2024-09-21T00:00:00.000Z,"Cypher,Sova,Omen,Yoru,Iso","Breach,Sova,Killjoy,Omen,Jett"
Champions Tour 2024 Americas: Ascension - Playoffs,Abyss,2Game Esports,M80,8,13,7,5,1,8,8,1,5,7,2024-09-21T00:00:00.000Z,"Cypher,Sova,Omen,Jett,KAY/O","Cypher,Sova,Omen,Jett,KAY/O"
Champions Tour 2024 Americas: Ascension - Playoffs,Icebox,2Game Esports,M80,7,13,4,8,3,5,5,3,8,4,2024-09-21T00:00:00.000Z,"Sova,Killjoy,Viper,Jett,KAY/O","Killjoy,Viper,Omen,KAY/O,Gekko"
Champions Tour 2024 Americas: Ascension - Playoffs,Sunset,2Game Esports,M80,13,5,5,1,8,4,4,8,1,5,2024-09-21T00:00:00.000Z,"Breach,Cypher,Sova,Omen,Neon","Breach,Cypher,Omen,Yoru,Gekko"
Champions Tour 2024 Pacific: Ascension - Playoffs,Icebox,Disguised,FULL SENSE,12,14,8,5,4,9,9,4,5,8,2024-09-21T00:00:00.000Z,"Sova,Killjoy,Viper,Reyna,Jett","Sova,Killjoy,Viper,Jett,Gekko"
Champions Tour 2024 Pacific: Ascension - Playoffs,Haven,Disguised,FULL SENSE,7,13,4,8,3,5,5,3,8,4,2024-09-21T00:00:00.000Z,"Cypher,Sova,Omen,Jett,Neon","Breach,Sova,Killjoy,Omen,Neon"
Champions Tour 2024 Pacific: Ascension - Playoffs,Ascent,RIDDLE ORDER,Sin Prisa Gaming,9,13,4,6,5,7,7,5,6,4,2024-09-21T00:00:00.000Z,"Sova,Killjoy,Omen,Jett,KAY/O","Brimstone,Yoru,Neon,Fade,Harbor"
Champions Tour 2024 Pacific: Ascension - Playoffs,Sunset,RIDDLE ORDER,Sin Prisa Gaming,12,14,7,6,5,8,8,5,6,7,2024-09-21T00:00:00.000Z,"Cypher,Sova,Omen,KAY/O,Neon","Breach,Cypher,Neon,Fade,Clove"
Champions Tour 2024 Pacific: Ascension - Playoffs,Lotus,Justice For Tomorrow,Rapid Lofi,13,8,9,3,4,5,5,4,3,9,2024-09-21T00:00:00.000Z,"Breach,Omen,Neon,Fade,Clove","Raze,Killjoy,Omen,Fade,Clove"
Champions Tour 2024 Pacific: Ascension - Playoffs,Icebox,Justice For Tomorrow,Rapid Lofi,13,3,9,3,4,0,0,4,3,9,2024-09-21T00:00:00.000Z,"Sova,Killjoy,Viper,Jett,Iso","Sova,Killjoy,Viper,Sage,Jett"
Champions Tour 2024 Americas: Ascension - Playoffs,Abyss,M80,All Knights,13,6,4,3,9,3,3,9,3,4,2024-09-20T00:00:00.000Z,"Cypher,Sova,Omen,Jett,KAY/O","Cypher,Sova,Omen,Jett,KAY/O"
Champions Tour 2024 Americas: Ascension - Playoffs,Icebox,M80,All Knights,13,5,9,3,4,2,2,4,3,9,2024-09-20T00:00:00.000Z,"Killjoy,Viper,Omen,KAY/O,Gekko","Sova,Killjoy,Viper,Gekko,Iso"
Champions Tour 2024 Americas: Ascension - Playoffs,Sunset,M80,All Knights,13,9,7,5,6,4,4,6,5,7,2024-09-20T00:00:00.000Z,"Breach,Cypher,Omen,Yoru,Gekko","Breach,Cypher,Omen,Neon,Fade"
Champions Tour 2024 Americas: Ascension - Playoffs,Lotus,M80,All Knights,4,13,3,9,1,4,4,1,9,3,2024-09-20T00:00:00.000Z,"Cypher,Sage,Omen,Fade,Deadlock","Breach,Cypher,Omen,Neon,Fade"
Champions Tour 2024 Americas: Ascension - Playoffs,Haven,M80,All Knights,3,13,0,4,3,9,9,3,4,0,2024-09-20T00:00:00.000Z,"Breach,Sova,Killjoy,Omen,Jett","Breach,Cypher,Sova,Omen,Neon"
Champions Tour 2024 Pacific: Ascension - Playoffs,Lotus,NAOS Esports,BOOM Esports,7,13,3,5,4,8,8,4,5,3,2024-09-20T00:00:00.000Z,"Raze,Killjoy,Viper,Omen,Fade","Raze,Killjoy,Viper,Omen,Fade"
Champions Tour 2024 Pacific: Ascension - Playoffs,Sunset,NAOS Esports,BOOM Esports,3,13,2,10,1,3,3,1,10,2,2024-09-20T00:00:00.000Z,"Breach,Cypher,Sova,Omen,Neon","Breach,Raze,Cypher,Omen,Gekko"
Champions Tour 2024 Pacific: Ascension - Playoffs,Haven,FULL SENSE,Oblivion Force,13,3,4,0,9,3,3,9,0,4,2024-09-20T00:00:00.000Z,"Breach,Sova,Killjoy,Omen,Neon","Breach,Cypher,Omen,Neon,Iso"
Champions Tour 2024 Pacific: Ascension - Playoffs,Sunset,FULL SENSE,Oblivion Force,13,6,3,4,10,2,2,10,4,3,2024-09-20T00:00:00.000Z,"Breach,Cypher,Sova,Omen,Neon","Raze,Cypher,Omen,KAY/O,Gekko"
Champions Tour 2024 Pacific: Ascension - Playoffs,Icebox,Revenant Esports,Sin Prisa Gaming,5,13,0,6,5,7,7,5,6,0,2024-09-20T00:00:00.000Z,"Sova,Killjoy,Viper,Yoru,Gekko","Sova,Killjoy,Viper,Jett,Harbor"
Champions Tour 2024 Pacific: Ascension - Playoffs,Bind,Revenant Esports,Sin Prisa Gaming,10,13,7,5,3,8,8,3,5,7,2024-09-20T00:00:00.000Z,"Raze,Viper,Brimstone,Fade,Gekko","Cypher,Brimstone,Neon,Fade,Deadlock"
Champions Tour 2024 Americas: Ascension - Playoffs,Ascent,M80,Galorys,14,12,4,9,10,3,3,10,9,4,2024-09-19T00:00:00.000Z,"Cypher,Sova,Omen,Yoru,Deadlock","Cypher,Sova,Omen,Jett,Deadlock"
Champions Tour 2024 Americas: Ascension - Playoffs,Sunset,M80,Galorys,13,9,8,4,5,5,5,5,4,8,2024-09-19T00:00:00.000Z,"Breach,Cypher,Omen,Yoru,Gekko","Breach,Cypher,Sova,Omen,Neon"
Champions Tour 2024 Americas: Ascension - Playoffs,Sunset,2Game Esports,All Knights,13,4,9,3,4,1,1,4,3,9,2024-09-19T00:00:00.000Z,"Breach,Cypher,Sova,Omen,Neon","Breach,Cypher,Omen,Neon,Fade"
Champions Tour 2024 Americas: Ascension - Playoffs,Lotus,2Game Esports,All Knights,12,14,5,8,7,6,6,7,8,5,2024-09-19T00:00:00.000Z,"Breach,Cypher,Omen,Neon,Fade","Breach,Cypher,Omen,Neon,Fade"
Champions Tour 2024 Americas: Ascension - Playoffs,Abyss,2Game Esports,All Knights,13,9,7,3,6,6,6,6,3,7,2024-09-19T00:00:00.000Z,"Cypher,Sova,Omen,Jett,KAY/O","Cypher,Sova,Omen,Jett,KAY/O"
Champions Tour 2024 Americas: Ascension - Playoffs,Bind,All Knights,Galorys,14,12,10,3,4,9,9,4,3,10,2024-09-18T00:00:00.000Z,"Raze,Cypher,Brimstone,Skye,Deadlock","Raze,Viper,Brimstone,Fade,Gekko"
Champions Tour 2024 Americas: Ascension - Playoffs,Haven,All Knights,Galorys,13,9,8,2,5,7,7,5,2,8,2024-09-18T00:00:00.000Z,"Breach,Cypher,Sova,Omen,Neon","Breach,Sova,Killjoy,Omen,Jett"
Champions Tour 2024 Americas: Ascension - Playoffs,Icebox,M80,2Game Esports,7,13,4,8,3,5,5,3,8,4,2024-09-18T00:00:00.000Z,"Killjoy,Viper,Omen,KAY/O,Gekko","Sova,Killjoy,Viper,Jett,KAY/O"
Champions Tour 2024 Americas: Ascension - Playoffs,Sunset,M80,2Game Esports,8,13,5,4,3,9,9,3,4,5,2024-09-18T00:00:00.000Z,"Breach,Cypher,Omen,Yoru,Gekko","Breach,Cypher,Sova,Omen,Neon"
Champions Tour 2024 Americas: Ascension - Group Stage,Sunset,All Knights,TSM,15,13,10,4,5,9,9,5,4,10,2024-09-16T00:00:00.000Z,"Breach,Cypher,Sova,Omen,Neon","Breach,Cypher,Omen,Neon,Gekko"
Champions Tour 2024 Americas: Ascension - Group Stage,Abyss,All Knights,TSM,13,6,9,3,4,3,3,4,3,9,2024-09-16T00:00:00.000Z,"Cypher,Sova,Omen,Jett,KAY/O","Sova,Viper,Jett,Yoru,Astra"
Champions Tour 2024 Americas: Ascension - Group Stage,Haven,All Knights,TSM,13,15,2,12,11,3,3,11,12,2,2024-09-16T00:00:00.000Z,"Breach,Cypher,Sova,Omen,Neon","Breach,Cypher,Sova,Omen,Neon"
Champions Tour 2024 Americas: Ascension - Group Stage,Sunset,2Game Esports,M80,14,16,5,10,9,6,6,9,10,5,2024-09-15T00:00:00.000Z,"Breach,Cypher,Sova,Omen,Neon","Breach,Cypher,Omen,Yoru,Gekko"
Champions Tour 2024 Americas: Ascension - Group Stage,Lotus,2Game Esports,M80,7,13,2,10,5,3,3,5,10,2,2024-09-15T00:00:00.000Z,"Breach,Cypher,Omen,Neon,Fade","Breach,Cypher,Omen,Yoru,Fade"
Champions Tour 2024 Americas: Ascension - Group Stage,Bind,RETA Esports,Galorys,4,13,3,9,1,4,4,1,9,3,2024-09-15T00:00:00.000Z,"Raze,Viper,Brimstone,Skye,Gekko","Raze,Viper,Brimstone,Fade,Gekko"
Champions Tour 2024 EMEA: Ascension - Playoffs,Ascent,Apeks,PCIFIC Espor,13,4,8,4,5,0,0,5,4,8,2024-09-15T00:00:00.000Z,"Cypher,Sova,Omen,Yoru,Deadlock","Cypher,Sova,Omen,Jett,KAY/O"
Champions Tour 2024 EMEA: Ascension - Playoffs,Lotus,Apeks,PCIFIC Espor,13,11,9,3,4,8,8,4,3,9,2024-09-15T00:00:00.000Z,"Raze,Cypher,Omen,KAY/O,Deadlock","Breach,Cypher,Sova,Omen,Neon"
Champions Tour 2024 Americas: Ascension - Group Stage,Ascent,RETA Esports,Galorys,11,13,4,8,7,5,5,7,8,4,2024-09-15T00:00:00.000Z,"Sova,Killjoy,Omen,Jett,KAY/O","Cypher,Sova,Omen,Jett,Deadlock"
Champions Tour 2024 EMEA: Ascension - Playoffs,Haven,Apeks,PCIFIC Espor,11,13,9,3,2,10,10,2,3,9,2024-09-15T00:00:00.000Z,"Breach,Sova,Killjoy,Omen,Jett","Breach,Sova,Killjoy,Omen,Jett"
Champions Tour 2024 EMEA: Ascension - Playoffs,Abyss,Apeks,PCIFIC Espor,13,8,7,2,6,6,6,6,2,7,2024-09-15T00:00:00.000Z,"Cypher,Sova,Omen,Yoru,Astra","Cypher,Sova,Omen,Jett,KAY/O"
Champions Tour 2024 EMEA: Ascension - Playoffs,Sunset,Apeks,PCIFIC Espor,6,13,3,9,3,4,4,3,9,3,2024-09-15T00:00:00.000Z,"Cypher,Sova,Omen,KAY/O,Neon","Breach,Cypher,Sova,Omen,Neon"
Champions Tour 2024 Americas: Ascension - Group Stage,Haven,M80,TSM,13,9,8,2,5,7,7,5,2,8,2024-09-15T00:00:00.000Z,"Breach,Sova,Killjoy,Omen,Jett","Breach,Cypher,Sova,Omen,Neon"
Champions Tour 2024 Americas: Ascension - Group Stage,Icebox,M80,TSM,13,6,5,2,8,4,4,8,2,5,2024-09-15T00:00:00.000Z,"Killjoy,Viper,Omen,KAY/O,Gekko","Killjoy,Viper,Reyna,Omen,Gekko"
Champions Tour 2024 Americas: Ascension - Group Stage,Sunset,M80,TSM,12,14,7,6,5,8,8,5,6,7,2024-09-14T00:00:00.000Z,"Breach,Cypher,Omen,Yoru,Gekko","Breach,Cypher,Omen,Neon,Gekko"
Champions Tour 2024 Americas: Ascension - Group Stage,Icebox,2Game Esports,Galorys,4,13,4,8,0,5,5,0,8,4,2024-09-14T00:00:00.000Z,"Sova,Killjoy,Viper,Jett,KAY/O","Sova,Killjoy,Viper,Sage,Jett"
Champions Tour 2024 Americas: Ascension - Group Stage,Abyss,2Game Esports,Galorys,11,13,4,8,7,5,5,7,8,4,2024-09-14T00:00:00.000Z,"Cypher,Sova,Omen,Jett,KAY/O","Cypher,Sova,Omen,Jett,Gekko"
Champions Tour 2024 Americas: Ascension - Group Stage,Ascent,All Knights,RETA Esports,6,13,1,6,5,7,7,5,6,1,2024-09-14T00:00:00.000Z,"Sova,Killjoy,Omen,Jett,KAY/O","Sova,Killjoy,Omen,Jett,KAY/O"
Champions Tour 2024 Americas: Ascension - Group Stage,Haven,All Knights,RETA Esports,9,13,1,9,8,4,4,8,9,1,2024-09-14T00:00:00.000Z,"Breach,Cypher,Sova,Omen,Neon","Killjoy,Viper,Omen,Jett,Skye"
Champions Tour 2024 EMEA: Ascension - Playoffs,Bind,CGN Esports,PCIFIC Espor,8,13,7,5,1,8,8,1,5,7,2024-09-14T00:00:00.000Z,"Raze,Sova,Viper,Brimstone,Sage","Raze,Viper,Brimstone,Fade,Gekko"
Champions Tour 2024 EMEA: Ascension - Playoffs,Abyss,CGN Esports,PCIFIC Espor,9,13,5,7,4,6,6,4,7,5,2024-09-14T00:00:00.000Z,"Cypher,Sova,Phoenix,Omen,Jett","Cypher,Sova,Omen,Jett,KAY/O"
Champions Tour 2024 EMEA: Ascension - Playoffs,Lotus,CGN Esports,PCIFIC Espor,9,13,6,4,3,9,9,3,4,6,2024-09-14T00:00:00.000Z,"Raze,Sova,Killjoy,Omen,Gekko","Breach,Cypher,Sova,Omen,Neon"
Champions Tour 2024 Americas: Ascension - Group Stage,Haven,Galorys,M80,12,14,7,6,5,8,8,5,6,7,2024-09-14T00:00:00.000Z,"Breach,Sova,Killjoy,Omen,Jett","Breach,Sova,Killjoy,Omen,Jett"
Champions Tour 2024 Americas: Ascension - Group Stage,Sunset,Galorys,M80,13,11,8,4,5,7,7,5,4,8,2024-09-14T00:00:00.000Z,"Breach,Cypher,Sova,Omen,Neon","Breach,Cypher,Omen,Yoru,Gekko"
Champions Tour 2024 Americas: Ascension - Group Stage,Icebox,Galorys,M80,11,13,6,6,5,7,7,5,6,6,2024-09-13T00:00:00.000Z,"Sova,Killjoy,Viper,Sage,Jett","Killjoy,Viper,Omen,KAY/O,Gekko"
Champions Tour 2024 Americas: Ascension - Group Stage,Bind,All Knights,2Game Esports,13,10,10,1,3,9,9,3,1,10,2024-09-13T00:00:00.000Z,"Raze,Cypher,Brimstone,Skye,Deadlock","Raze,Viper,Brimstone,Skye,Gekko"
Champions Tour 2024 Americas: Ascension - Group Stage,Abyss,All Knights,2Game Esports,13,7,6,6,7,1,1,7,6,6,2024-09-13T00:00:00.000Z,"Cypher,Sova,Omen,Jett,KAY/O","Cypher,Sova,Omen,Jett,KAY/O"
Champions Tour 2024 Americas: Ascension - Group Stage,Sunset,All Knights,2Game Esports,10,13,6,5,4,8,8,4,5,6,2024-09-13T00:00:00.000Z,"Breach,Cypher,Sova,Omen,Neon","Breach,Cypher,Sova,Omen,Neon"
Champions Tour 2024 Americas: Ascension - Group Stage,Icebox,RETA Esports,M80,9,13,3,7,6,6,6,6,7,3,2024-09-13T00:00:00.000Z,"Sova,Killjoy,Viper,Jett,Harbor","Killjoy,Viper,Omen,KAY/O,Gekko"
Champions Tour 2024 Americas: Ascension - Group Stage,Lotus,RETA Esports,M80,13,10,5,6,8,4,4,8,6,5,2024-09-12T00:00:00.000Z,"Raze,Killjoy,Viper,Omen,Fade","Breach,Cypher,Omen,Yoru,Fade"
Champions Tour 2024 Americas: Ascension - Group Stage,Haven,RETA Esports,M80,4,13,4,8,0,5,5,0,8,4,2024-09-12T00:00:00.000Z,"Killjoy,Viper,Omen,Jett,Skye","Breach,Sova,Killjoy,Omen,Jett"
Champions Tour 2024 Americas: Ascension - Group Stage,Abyss,TSM,2Game Esports,9,13,5,7,4,6,6,4,7,5,2024-09-12T00:00:00.000Z,"Sova,Viper,Jett,Yoru,Astra","Cypher,Sova,Omen,Jett,KAY/O"
Champions Tour 2024 Americas: Ascension - Group Stage,Icebox,TSM,2Game Esports,11,13,6,6,5,7,7,5,6,6,2024-09-12T00:00:00.000Z,"Killjoy,Viper,Reyna,Omen,Gekko","Sova,Killjoy,Viper,Jett,KAY/O"
Champions Tour 2024 Americas: Ascension - Group Stage,Sunset,TSM,2Game Esports,13,11,6,6,7,5,5,7,6,6,2024-09-12T00:00:00.000Z,"Breach,Cypher,Omen,Neon,Gekko","Breach,Cypher,Sova,Omen,Neon"
Champions Tour 2024 Americas: Ascension - Group Stage,Haven,Galorys,All Knights,7,13,5,3,2,10,10,2,3,5,2024-09-11T00:00:00.000Z,"Breach,Sova,Killjoy,Omen,Jett","Breach,Cypher,Sova,Omen,Neon"
Champions Tour 2024 Americas: Ascension - Group Stage,Sunset,Galorys,All Knights,13,15,8,6,5,9,9,5,6,8,2024-09-11T00:00:00.000Z,"Breach,Cypher,Sova,Omen,Neon","Breach,Cypher,Sova,Omen,Neon"
Champions Tour 2024 Americas: Ascension - Group Stage,Haven,TSM,RETA Esports,5,13,2,4,3,9,9,3,4,2,2024-09-11T00:00:00.000Z,"Breach,Cypher,Sova,Omen,Neon","Killjoy,Viper,Omen,Jett,Skye"
Champions Tour 2024 Americas: Ascension - Group Stage,Bind,TSM,RETA Esports,13,6,4,3,9,3,3,9,3,4,2024-09-11T00:00:00.000Z,"Raze,Brimstone,Skye,Gekko,Deadlock","Raze,Viper,Brimstone,Skye,Gekko"
Champions Tour 2024 Americas: Ascension - Group Stage,Icebox,TSM,RETA Esports,6,13,5,7,1,6,6,1,7,5,2024-09-11T00:00:00.000Z,"Killjoy,Viper,Reyna,Omen,Gekko","Sova,Killjoy,Viper,Jett,Harbor"
Champions Tour 2024 Americas: Ascension - Group Stage,Icebox,M80,All Knights,15,13,6,8,9,5,5,9,8,6,2024-09-11T00:00:00.000Z,"Killjoy,Viper,Omen,KAY/O,Gekko","Sova,Killjoy,Viper,Gekko,Iso"
Champions Tour 2024 Americas: Ascension - Group Stage,Sunset,M80,All Knights,14,12,9,4,5,8,8,5,4,9,2024-09-11T00:00:00.000Z,"Breach,Cypher,Omen,Yoru,Gekko","Breach,Cypher,Sova,Omen,Neon"
Champions Tour 2024 Americas: Ascension - Group Stage,Abyss,Galorys,TSM,17,19,8,10,9,9,9,9,10,8,2024-09-11T00:00:00.000Z,"Cypher,Sova,Omen,Jett,Gekko","Sova,Viper,Jett,Yoru,Astra"
Champions Tour 2024 Americas: Ascension - Group Stage,Haven,Galorys,TSM,13,5,9,3,4,2,2,4,3,9,2024-09-10T00:00:00.000Z,"Breach,Sova,Killjoy,Omen,Jett","Breach,Cypher,Sova,Omen,Jett"
Champions Tour 2024 Americas: Ascension - Group Stage,Bind,Galorys,TSM,12,14,8,5,4,9,9,4,5,8,2024-09-10T00:00:00.000Z,"Raze,Viper,Brimstone,Fade,Gekko","Raze,Brimstone,Skye,Gekko,Deadlock"
Champions Tour 2024 Americas: Ascension - Group Stage,Sunset,RETA Esports,2Game Esports,7,13,3,5,4,8,8,4,5,3,2024-09-10T00:00:00.000Z,"Breach,Cypher,Sova,Omen,Neon","Breach,Cypher,Sova,Omen,Neon"
Champions Tour 2024 Americas: Ascension - Group Stage,Bind,RETA Esports,2Game Esports,2,13,0,3,2,10,10,2,3,0,2024-09-10T00:00:00.000Z,"Raze,Viper,Brimstone,Skye,Gekko","Raze,Viper,Brimstone,Skye,Gekko"
Champions Tour 2024 EMEA: Ascension - Playoffs,Abyss,The Ultimates,PCIFIC Espor,7,13,4,8,3,5,5,3,8,4,2024-09-08T00:00:00.000Z,"Cypher,Sova,Omen,Jett,KAY/O","Cypher,Sova,Omen,Jett,KAY/O"
Champions Tour 2024 EMEA: Ascension - Playoffs,Haven,The Ultimates,PCIFIC Espor,11,13,8,4,3,9,9,3,4,8,2024-09-08T00:00:00.000Z,"Cypher,Sova,Omen,Neon,Iso","Breach,Sova,Killjoy,Omen,Jett"
Champions Tour 2024 EMEA: Ascension - Playoffs,Sunset,Apeks,CGN Esports,13,9,8,2,5,7,7,5,2,8,2024-09-08T00:00:00.000Z,"Cypher,Sova,Omen,KAY/O,Neon","Raze,Cypher,Sova,Phoenix,Omen"
Champions Tour 2024 EMEA: Ascension - Playoffs,Ascent,Apeks,CGN Esports,13,5,5,1,8,4,4,8,1,5,2024-09-08T00:00:00.000Z,"Cypher,Sova,Omen,Yoru,Deadlock","Sova,Killjoy,Phoenix,Jett,Astra"
Champions Tour 2024 EMEA: Ascension - Playoffs,Sunset,PCIFIC Espor,CGN Esports,5,13,3,9,2,4,4,2,9,3,2024-09-07T00:00:00.000Z,"Breach,Raze,Cypher,Omen,Gekko","Raze,Cypher,Sova,Phoenix,Omen"
Champions Tour 2024 EMEA: Ascension - Playoffs,Ascent,PCIFIC Espor,CGN Esports,8,13,4,5,4,8,8,4,5,4,2024-09-07T00:00:00.000Z,"Cypher,Sova,Omen,Jett,KAY/O","Sova,Killjoy,Phoenix,Jett,Astra"
Champions Tour 2024 EMEA: Ascension - Playoffs,Abyss,PCIFIC Espor,CGN Esports,13,11,5,7,8,4,4,8,7,5,2024-09-07T00:00:00.000Z,"Cypher,Sova,Omen,Jett,KAY/O","Cypher,Sova,Phoenix,Omen,Jett"
Champions Tour 2024 EMEA: Ascension - Playoffs,Lotus,Apeks,The Ultimates,13,5,2,4,11,1,1,11,4,2,2024-09-07T00:00:00.000Z,"Raze,Cypher,Omen,KAY/O,Deadlock","Raze,Killjoy,Viper,Omen,Fade"
Champions Tour 2024 EMEA: Ascension - Playoffs,Sunset,Apeks,The Ultimates,13,9,6,4,7,5,5,7,4,6,2024-09-07T00:00:00.000Z,"Cypher,Sova,Omen,KAY/O,Neon","Breach,Raze,Cypher,Omen,Gekko"
Champions Tour 2024 EMEA: Ascension - Group Stage,Haven,MOUZ,Joblife,13,10,9,2,4,8,8,4,2,9,2024-09-04T00:00:00.000Z,"Breach,Cypher,Sova,Omen,Jett","Breach,Sova,Killjoy,Astra,Neon"
Champions Tour 2024 EMEA: Ascension - Group Stage,Haven,Apeks,Barça eSports,13,11,2,10,11,1,1,11,10,2,2024-09-04T00:00:00.000Z,"Breach,Sova,Killjoy,Omen,Jett","Breach,Sova,Killjoy,Omen,Jett"
Champions Tour 2024 EMEA: Ascension - Group Stage,Bind,MOUZ,Joblife,7,13,1,7,6,6,6,6,7,1,2024-09-04T00:00:00.000Z,"Raze,Omen,Skye,Gekko,Clove","Raze,Viper,Brimstone,Skye,Gekko"
Champions Tour 2024 EMEA: Ascension - Group Stage,Abyss,Apeks,Barça eSports,13,5,6,0,7,5,5,7,0,6,2024-09-04T00:00:00.000Z,"Cypher,Sova,Omen,Yoru,Astra","Cypher,Sova,Omen,Jett,KAY/O"
Champions Tour 2024 EMEA: Ascension - Group Stage,Sunset,Apeks,Barça eSports,10,13,9,3,1,10,10,1,3,9,2024-09-04T00:00:00.000Z,"Cypher,Sova,Omen,KAY/O,Neon","Cypher,Sova,Omen,KAY/O,Neon"
Champions Tour 2024 EMEA: Ascension - Group Stage,Lotus,MOUZ,Joblife,13,10,6,5,7,5,5,7,5,6,2024-09-04T00:00:00.000Z,"Breach,Cypher,Omen,Yoru,Fade","Raze,Sova,Killjoy,Omen,Gekko"
Champions Tour 2024 EMEA: Ascension - Group Stage,Ascent,PCIFIC Espor,SAW,13,7,5,3,8,4,4,8,3,5,2024-09-04T00:00:00.000Z,"Sova,Killjoy,Omen,Jett,KAY/O","Cypher,Sova,Omen,Jett,KAY/O"
Champions Tour 2024 EMEA: Ascension - Group Stage,Icebox,DSYRE,GoNext Esports,13,5,8,4,5,1,1,5,4,8,2024-09-04T00:00:00.000Z,"Sova,Killjoy,Viper,Sage,Jett","Sova,Killjoy,Viper,Jett,KAY/O"
Champions Tour 2024 EMEA: Ascension - Group Stage,Lotus,DSYRE,GoNext Esports,13,1,2,0,11,1,1,11,0,2,2024-09-04T00:00:00.000Z,"Raze,Killjoy,Viper,Omen,Fade","Breach,Cypher,Sova,Omen,Neon"
Champions Tour 2024 EMEA: Ascension - Group Stage,Abyss,PCIFIC Espor,SAW,13,6,10,2,3,4,4,3,2,10,2024-09-04T00:00:00.000Z,"Cypher,Sova,Omen,Jett,KAY/O","Breach,Cypher,Sova,Jett,Astra"
Champions Tour 2024 EMEA: Ascension - Group Stage,Abyss,SAW,The Ultimates,4,13,4,8,0,5,5,0,8,4,2024-09-03T00:00:00.000Z,"Breach,Cypher,Sova,Jett,Astra","Cypher,Sova,Omen,Jett,KAY/O"
Champions Tour 2024 EMEA: Ascension - Group Stage,Haven,SAW,The Ultimates,6,13,3,9,3,4,4,3,9,3,2024-09-03T00:00:00.000Z,"Breach,Cypher,Sova,Omen,Jett","Cypher,Sova,Omen,Neon,Iso"
Champions Tour 2024 EMEA: Ascension - Group Stage,Ascent,SAW,The Ultimates,13,10,6,6,7,4,4,7,6,6,2024-09-03T00:00:00.000Z,"Cypher,Sova,Omen,Jett,KAY/O","Sova,Killjoy,Omen,Jett,KAY/O"
Champions Tour 2024 EMEA: Ascension - Group Stage,Abyss,CGN Esports,GoNext Esports,13,6,10,2,3,4,4,3,2,10,2024-09-03T00:00:00.000Z,"Cypher,Sova,Phoenix,Omen,Jett","Cypher,Sova,Jett,Astra,Gekko"
Champions Tour 2024 EMEA: Ascension - Group Stage,Sunset,DSYRE,Barça eSports,14,12,4,9,10,3,3,10,9,4,2024-09-03T00:00:00.000Z,"Breach,Raze,Cypher,Omen,Gekko","Cypher,Sova,Omen,KAY/O,Neon"
Champions Tour 2024 EMEA: Ascension - Group Stage,Lotus,PCIFIC Espor,Joblife,13,3,3,1,10,2,2,10,1,3,2024-09-03T00:00:00.000Z,"Breach,Cypher,Sova,Omen,Neon","Raze,Killjoy,Viper,Omen,Fade"
Champions Tour 2024 EMEA: Ascension - Group Stage,Haven,DSYRE,Barça eSports,13,10,6,6,7,4,4,7,6,6,2024-09-03T00:00:00.000Z,"Cypher,Sova,Omen,Yoru,Iso","Breach,Cypher,Sova,Omen,Neon"
Champions Tour 2024 EMEA: Ascension - Group Stage,Ascent,PCIFIC Espor,Joblife,13,10,7,4,6,6,6,6,4,7,2024-09-03T00:00:00.000Z,"Sova,Killjoy,Phoenix,Omen,Jett","Sova,Killjoy,Omen,Jett,KAY/O"
Champions Tour 2024 EMEA: Ascension - Group Stage,Ascent,DSYRE,Barça eSports,8,13,1,8,7,5,5,7,8,1,2024-09-03T00:00:00.000Z,"Cypher,Sova,Omen,Jett,KAY/O","Killjoy,Viper,Omen,Jett,Skye"
Champions Tour 2024 EMEA: Ascension - Group Stage,Abyss,MOUZ,PCIFIC Espor,10,13,4,8,6,5,5,6,8,4,2024-09-02T00:00:00.000Z,"Cypher,Sova,Jett,Astra,KAY/O","Cypher,Sova,Omen,Jett,KAY/O"
Champions Tour 2024 EMEA: Ascension - Group Stage,Haven,MOUZ,PCIFIC Espor,7,13,2,6,5,7,7,5,6,2,2024-09-02T00:00:00.000Z,"Breach,Cypher,Sova,Omen,Jett","Breach,Sova,Killjoy,Omen,Jett"
Champions Tour 2024 EMEA: Ascension - Group Stage,Sunset,Apeks,DSYRE,13,9,5,7,8,2,2,8,7,5,2024-09-02T00:00:00.000Z,"Cypher,Sova,Omen,KAY/O,Neon","Breach,Raze,Cypher,Omen,Gekko"
Champions Tour 2024 EMEA: Ascension - Group Stage,Haven,Apeks,DSYRE,13,7,8,0,5,7,7,5,0,8,2024-09-02T00:00:00.000Z,"Breach,Sova,Killjoy,Omen,Jett","Cypher,Sova,Omen,Yoru,Iso"
Champions Tour 2024 EMEA: Ascension - Group Stage,Lotus,MOUZ,PCIFIC Espor,13,10,7,4,6,6,6,6,4,7,2024-09-02T00:00:00.000Z,"Breach,Cypher,Omen,Yoru,Fade","Breach,Cypher,Sova,Omen,Neon"
Champions Tour 2024 EMEA: Ascension - Group Stage,Haven,The Ultimates,Joblife,12,14,8,5,4,9,9,4,5,8,2024-09-02T00:00:00.000Z,"Cypher,Sova,Omen,Neon,Iso","Breach,Sova,Killjoy,Astra,Neon"
Champions Tour 2024 EMEA: Ascension - Group Stage,Haven,CGN Esports,Barça eSports,13,9,6,6,7,3,3,7,6,6,2024-09-02T00:00:00.000Z,"Sova,Killjoy,Phoenix,Omen,Jett","Breach,Cypher,Sova,Omen,Neon"
Champions Tour 2024 EMEA: Ascension - Group Stage,Sunset,The Ultimates,Joblife,12,14,6,7,6,7,7,6,7,6,2024-09-02T00:00:00.000Z,"Breach,Raze,Cypher,Omen,Gekko","Breach,Cypher,Sova,Omen,Neon"
Champions Tour 2024 EMEA: Ascension - Group Stage,Ascent,CGN Esports,Barça eSports,16,14,7,8,9,6,6,9,8,7,2024-09-02T00:00:00.000Z,"Sova,Killjoy,Phoenix,Jett,Astra","Killjoy,Viper,Omen,Jett,Skye"
Champions Tour 2024 EMEA: Ascension - Group Stage,Bind,The Ultimates,Joblife,13,11,7,5,6,6,6,6,5,7,2024-09-02T00:00:00.000Z,"Raze,Viper,Brimstone,Sage,Skye","Raze,Viper,Brimstone,Skye,Gekko"
Champions Tour 2024 EMEA: Ascension - Group Stage,Bind,CGN Esports,Barça eSports,8,13,7,5,1,8,8,1,5,7,2024-09-02T00:00:00.000Z,"Raze,Viper,Phoenix,Brimstone,Fade","Viper,Brimstone,Yoru,Fade,Gekko"
Champions Tour 2024 EMEA: Ascension - Group Stage,Abyss,GoNext Esports,Barça eSports,13,10,7,5,6,5,5,6,5,7,2024-09-01T00:00:00.000Z,"Cypher,Sova,Jett,Astra,Gekko","Cypher,Sova,Omen,Jett,KAY/O"
Champions Tour 2024 EMEA: Ascension - Group Stage,Icebox,GoNext Esports,Barça eSports,13,10,3,8,10,2,2,10,8,3,2024-09-01T00:00:00.000Z,"Sova,Killjoy,Viper,Jett,KAY/O","Killjoy,Viper,Jett,KAY/O,Clove"
Champions Tour 2024 EMEA: Ascension - Group Stage,Haven,GoNext Esports,Barça eSports,10,13,4,8,6,5,5,6,8,4,2024-09-01T00:00:00.000Z,"Breach,Cypher,Sova,Omen,Jett","Breach,Cypher,Sova,Omen,Neon"
Champions Tour 2024 EMEA: Ascension - Group Stage,Icebox,SAW,Joblife,9,13,4,8,5,5,5,5,8,4,2024-09-01T00:00:00.000Z,"Sova,Killjoy,Viper,Jett,Gekko","Sova,Killjoy,Viper,Reyna,Jett"
Champions Tour 2024 EMEA: Ascension - Group Stage,Haven,Apeks,CGN Esports,14,12,7,6,7,6,6,7,6,7,2024-09-01T00:00:00.000Z,"Breach,Sova,Killjoy,Omen,Jett","Sova,Killjoy,Phoenix,Omen,Jett"
Champions Tour 2024 EMEA: Ascension - Group Stage,Haven,SAW,Joblife,2,13,0,3,2,10,10,2,3,0,2024-09-01T00:00:00.000Z,"Cypher,Sova,Omen,Yoru,Iso","Breach,Sova,Killjoy,Astra,Neon"
Champions Tour 2024 EMEA: Ascension - Group Stage,Lotus,Apeks,CGN Esports,9,13,3,7,6,6,6,6,7,3,2024-09-01T00:00:00.000Z,"Raze,Cypher,Omen,KAY/O,Deadlock","Raze,Sova,Killjoy,Omen,Gekko"
Champions Tour 2024 EMEA: Ascension - Group Stage,Abyss,MOUZ,The Ultimates,2,13,0,3,2,10,10,2,3,0,2024-09-01T00:00:00.000Z,"Cypher,Sova,Jett,Astra,KAY/O","Cypher,Sova,Omen,Jett,KAY/O"
Champions Tour 2024 EMEA: Ascension - Group Stage,Sunset,MOUZ,The Ultimates,11,13,6,6,5,7,7,5,6,6,2024-09-01T00:00:00.000Z,"Raze,Cypher,Omen,KAY/O,Gekko","Breach,Raze,Cypher,Omen,Gekko"
Champions Tour 2024 EMEA: Ascension - Group Stage,Ascent,Apeks,CGN Esports,14,12,8,5,6,7,7,6,5,8,2024-09-01T00:00:00.000Z,"Cypher,Sova,Omen,Yoru,Deadlock","Sova,Killjoy,Phoenix,Jett,Astra"
Champions Tour 2024 EMEA: Ascension - Group Stage,Icebox,PCIFIC Espor,The Ultimates,13,6,8,4,5,2,2,5,4,8,2024-08-31T00:00:00.000Z,"Sova,Killjoy,Viper,Jett,Gekko","Omen,Jett,KAY/O,Harbor,Gekko"
Champions Tour 2024 EMEA: Ascension - Group Stage,Sunset,DSYRE,CGN Esports,9,13,2,8,7,5,5,7,8,2,2024-08-31T00:00:00.000Z,"Breach,Raze,Cypher,Omen,Gekko","Raze,Cypher,Sova,Phoenix,Omen"
Champions Tour 2024 EMEA: Ascension - Group Stage,Lotus,PCIFIC Espor,The Ultimates,13,1,11,1,2,0,0,2,1,11,2024-08-31T00:00:00.000Z,"Breach,Cypher,Sova,Omen,Neon","Raze,Viper,Omen,Chamber,Gekko"
Champions Tour 2024 EMEA: Ascension - Group Stage,Ascent,DSYRE,CGN Esports,3,13,0,4,3,9,9,3,4,0,2024-08-31T00:00:00.000Z,"Cypher,Sova,Omen,Jett,KAY/O","Sova,Killjoy,Phoenix,Jett,Astra"
Champions Tour 2024 EMEA: Ascension - Group Stage,Haven,DSYRE,CGN Esports,13,11,7,5,6,6,6,6,5,7,2024-08-31T00:00:00.000Z,"Cypher,Sova,Omen,Yoru,Iso","Sova,Phoenix,Omen,Jett,Deadlock"
Champions Tour 2024 EMEA: Ascension - Group Stage,Sunset,MOUZ,SAW,20,18,11,8,9,10,10,9,8,11,2024-08-31T00:00:00.000Z,"Raze,Cypher,Omen,KAY/O,Gekko","Breach,Raze,Cypher,Omen,Gekko"
Champions Tour 2024 EMEA: Ascension - Group Stage,Abyss,Apeks,GoNext Esports,7,13,6,6,1,7,7,1,6,6,2024-08-31T00:00:00.000Z,"Cypher,Sova,Omen,Yoru,Astra","Cypher,Sova,Jett,Astra,Gekko"
Champions Tour 2024 EMEA: Ascension - Group Stage,Icebox,MOUZ,SAW,11,13,5,7,6,6,6,6,7,5,2024-08-31T00:00:00.000Z,"Sova,Killjoy,Viper,Sage,Jett","Sova,Killjoy,Viper,Jett,Gekko"
Champions Tour 2024 EMEA: Ascension - Group Stage,Haven,Apeks,GoNext Esports,5,13,4,8,1,5,5,1,8,4,2024-08-31T00:00:00.000Z,"Breach,Sova,Killjoy,Omen,Jett","Breach,Cypher,Sova,Omen,Jett"
Champions Tour 2024 EMEA: Ascension - Group Stage,Lotus,Apeks,GoNext Esports,13,11,6,6,7,5,5,7,6,6,2024-08-31T00:00:00.000Z,"Raze,Cypher,Omen,KAY/O,Deadlock","Breach,Sova,Killjoy,Omen,Neon"
Champions Tour 2024 EMEA: Ascension - Group Stage,Abyss,MOUZ,SAW,18,16,10,7,8,9,9,8,7,10,2024-08-31T00:00:00.000Z,"Cypher,Sova,Jett,Astra,KAY/O","Breach,Cypher,Sova,Jett,Astra"
Valorant Champions 2024 - Playoffs,Abyss,EDward Gaming,Team Heretics,13,9,8,4,5,5,5,5,4,8,2024-08-25T00:00:00.000Z,"Sova,Omen,Jett,Astra,KAY/O","Cypher,Sova,Jett,Astra,Gekko"
Valorant Champions 2024 - Playoffs,Bind,EDward Gaming,Team Heretics,11,13,6,6,5,7,7,5,6,6,2024-08-25T00:00:00.000Z,"Raze,Viper,Brimstone,Fade,Gekko","Raze,Viper,Brimstone,Fade,Gekko"
Valorant Champions 2024 - Playoffs,Lotus,EDward Gaming,Team Heretics,13,9,7,3,6,6,6,6,3,7,2024-08-25T00:00:00.000Z,"Breach,Omen,Neon,Fade,Clove","Raze,Killjoy,Viper,Omen,Fade"
Valorant Champions 2024 - Playoffs,Sunset,EDward Gaming,Team Heretics,13,4,11,1,2,3,3,2,1,11,2024-08-25T00:00:00.000Z,"Cypher,Sova,Omen,KAY/O,Neon","Raze,Cypher,Sova,Omen,KAY/O"
Valorant Champions 2024 - Playoffs,Haven,EDward Gaming,Team Heretics,6,13,3,9,3,4,4,3,9,3,2024-08-25T00:00:00.000Z,"Breach,Cypher,Sova,Omen,Neon","Breach,Cypher,Sova,Omen,Neon"
Valorant Champions 2024 - Playoffs,Lotus,Leviatán,Team Heretics,3,13,2,2,1,11,11,1,2,2,2024-08-24T00:00:00.000Z,"Breach,Raze,Cypher,Omen,Fade","Raze,Killjoy,Viper,Omen,Fade"
Valorant Champions 2024 - Playoffs,Abyss,Leviatán,Team Heretics,13,9,5,7,8,2,2,8,7,5,2024-08-24T00:00:00.000Z,"Cypher,Sova,Omen,Jett,Harbor","Cypher,Sova,Jett,Astra,Gekko"
Valorant Champions 2024 - Playoffs,Sunset,Leviatán,Team Heretics,13,15,9,5,4,10,10,4,5,9,2024-08-24T00:00:00.000Z,"Breach,Cypher,Sova,Omen,Neon","Raze,Cypher,Sova,Omen,KAY/O"
Valorant Champions 2024 - Playoffs,Icebox,Leviatán,Team Heretics,7,13,5,7,2,6,6,2,7,5,2024-08-24T00:00:00.000Z,"Sova,Killjoy,Viper,Jett,Harbor","Sova,Killjoy,Viper,Neon,Gekko"
Valorant Champions 2024 - Playoffs,Abyss,Team Heretics,Sentinels,13,7,5,3,8,4,4,8,3,5,2024-08-23T00:00:00.000Z,"Cypher,Sova,Jett,Astra,Gekko","Cypher,Sova,Omen,Jett,KAY/O"
Valorant Champions 2024 - Playoffs,Icebox,Team Heretics,Sentinels,13,9,5,7,8,2,2,8,7,5,2024-08-23T00:00:00.000Z,"Sova,Killjoy,Viper,Neon,Gekko","Sova,Killjoy,Viper,Jett,KAY/O"
Valorant Champions 2024 - Playoffs,Haven,Team Heretics,Sentinels,8,13,5,7,3,6,6,3,7,5,2024-08-23T00:00:00.000Z,"Raze,Killjoy,Sage,Omen,Gekko","Breach,Cypher,Sova,Omen,Neon"
Valorant Champions 2024 - Playoffs,Abyss,EDward Gaming,Leviatán,13,11,6,6,7,5,5,7,6,6,2024-08-23T00:00:00.000Z,"Sova,Omen,Jett,Astra,KAY/O","Cypher,Sova,Omen,Jett,Harbor"
Valorant Champions 2024 - Playoffs,Lotus,EDward Gaming,Leviatán,13,4,8,4,5,0,0,5,4,8,2024-08-23T00:00:00.000Z,"Breach,Omen,Neon,Fade,Clove","Breach,Raze,Cypher,Omen,Fade"
Valorant Champions 2024 - Playoffs,Icebox,EDward Gaming,Leviatán,14,16,3,12,11,4,4,11,12,3,2024-08-23T00:00:00.000Z,"Sova,Killjoy,Viper,Jett,KAY/O","Sova,Killjoy,Viper,Jett,Harbor"
Valorant Champions 2024 - Playoffs,Icebox,Team Heretics,DRX,13,10,8,3,5,7,7,5,3,8,2024-08-18T00:00:00.000Z,"Sova,Killjoy,Viper,Neon,Gekko","Sova,Killjoy,Viper,Jett,KAY/O"
Valorant Champions 2024 - Playoffs,Sunset,Team Heretics,DRX,13,5,6,0,7,5,5,7,0,6,2024-08-18T00:00:00.000Z,"Raze,Cypher,Sova,Omen,KAY/O","Breach,Cypher,Sova,Omen,Neon"
Valorant Champions 2024 - Playoffs,Abyss,Team Heretics,DRX,5,13,0,6,5,7,7,5,6,0,2024-08-18T00:00:00.000Z,"Cypher,Sova,Jett,Astra,Gekko","Cypher,Sova,Omen,Jett,KAY/O"
Valorant Champions 2024 - Playoffs,Lotus,Sentinels,FNATIC,13,6,8,4,5,2,2,5,4,8,2024-08-18T00:00:00.000Z,"Raze,Killjoy,Viper,Omen,Fade","Raze,Killjoy,Viper,Omen,Fade"
Valorant Champions 2024 - Playoffs,Bind,Sentinels,FNATIC,9,13,7,5,2,8,8,2,5,7,2024-08-18T00:00:00.000Z,"Raze,Viper,Brimstone,Fade,Gekko","Raze,Viper,Astra,Fade,Gekko"
Valorant Champions 2024 - Playoffs,Sunset,Sentinels,FNATIC,13,11,9,3,4,8,8,4,3,9,2024-08-18T00:00:00.000Z,"Raze,Cypher,Omen,KAY/O,Gekko","Breach,Raze,Cypher,Sova,Astra"
Valorant Champions 2024 - Playoffs,Lotus,Leviatán,Team Heretics,13,10,9,2,4,8,8,4,2,9,2024-08-17T00:00:00.000Z,"Breach,Raze,Cypher,Omen,Fade","Raze,Killjoy,Viper,Omen,Fade"
Valorant Champions 2024 - Playoffs,Icebox,Leviatán,Team Heretics,15,13,8,6,7,7,7,7,6,8,2024-08-17T00:00:00.000Z,"Sova,Killjoy,Viper,Jett,Harbor","Sova,Killjoy,Viper,Neon,Gekko"
Valorant Champions 2024 - Playoffs,Sunset,Sentinels,EDward Gaming,6,13,4,3,2,10,10,2,3,4,2024-08-17T00:00:00.000Z,"Breach,Cypher,Omen,Neon,Fade","Cypher,Sova,Omen,KAY/O,Neon"
Valorant Champions 2024 - Playoffs,Lotus,Sentinels,EDward Gaming,9,13,3,7,6,6,6,6,7,3,2024-08-17T00:00:00.000Z,"Raze,Killjoy,Viper,Omen,Fade","Breach,Omen,Neon,Fade,Clove"
Valorant Champions 2024 - Playoffs,Haven,Sentinels,EDward Gaming,13,9,8,4,5,5,5,5,4,8,2024-08-17T00:00:00.000Z,"Breach,Cypher,Sova,Omen,Neon","Breach,Cypher,Sova,Omen,Neon"
Valorant Champions 2024 - Playoffs,Bind,G2 Esports,FNATIC,11,13,7,5,4,8,8,4,5,7,2024-08-16T00:00:00.000Z,"Raze,Viper,Brimstone,Skye,Gekko","Raze,Viper,Astra,Fade,Gekko"
Valorant Champions 2024 - Playoffs,Haven,G2 Esports,FNATIC,3,13,3,9,0,4,4,0,9,3,2024-08-16T00:00:00.000Z,"Sova,Killjoy,Viper,Omen,Yoru","Cypher,Sova,Omen,Yoru,Iso"
Valorant Champions 2024 - Playoffs,Abyss,DRX,Trace Esports,13,5,4,2,9,3,3,9,2,4,2024-08-16T00:00:00.000Z,"Cypher,Sova,Omen,Jett,KAY/O","Cypher,Sova,Jett,Astra,KAY/O"
Valorant Champions 2024 - Playoffs,Lotus,DRX,Trace Esports,13,3,10,2,3,1,1,3,2,10,2024-08-16T00:00:00.000Z,"Raze,Viper,Omen,Chamber,Fade","Raze,Killjoy,Viper,Omen,Fade"
Valorant Champions 2024 - Playoffs,Abyss,Team Heretics,FNATIC,14,12,10,3,4,9,9,4,3,10,2024-08-15T00:00:00.000Z,"Cypher,Sova,Jett,Astra,Gekko","Sova,Killjoy,Viper,Yoru,Astra"
Valorant Champions 2024 - Playoffs,Lotus,Team Heretics,FNATIC,13,3,4,0,9,3,3,9,0,4,2024-08-15T00:00:00.000Z,"Raze,Killjoy,Viper,Omen,Fade","Raze,Killjoy,Viper,Omen,Fade"
Valorant Champions 2024 - Playoffs,Abyss,G2 Esports,Leviatán,5,13,4,8,1,5,5,1,8,4,2024-08-15T00:00:00.000Z,"Sova,Killjoy,Viper,Yoru,Astra","Cypher,Sova,Omen,Jett,Harbor"
Valorant Champions 2024 - Playoffs,Icebox,G2 Esports,Leviatán,14,16,10,5,4,11,11,4,5,10,2024-08-15T00:00:00.000Z,"Sova,Killjoy,Viper,Harbor,Gekko","Sova,Killjoy,Viper,Jett,Harbor"
Valorant Champions 2024 - Playoffs,Sunset,Trace Esports,EDward Gaming,10,13,2,10,8,3,3,8,10,2,2024-08-14T00:00:00.000Z,"Breach,Raze,Cypher,Sova,Omen","Cypher,Sova,Omen,KAY/O,Neon"
Valorant Champions 2024 - Playoffs,Bind,Trace Esports,EDward Gaming,7,13,5,3,2,10,10,2,3,5,2024-08-14T00:00:00.000Z,"Raze,Cypher,Brimstone,Skye,Deadlock","Raze,Viper,Brimstone,Fade,Gekko"
Valorant Champions 2024 - Playoffs,Haven,DRX,Sentinels,8,13,2,7,6,6,6,6,7,2,2024-08-14T00:00:00.000Z,"Breach,Cypher,Sova,Omen,Jett","Breach,Cypher,Sova,Omen,Neon"
Valorant Champions 2024 - Playoffs,Sunset,DRX,Sentinels,13,15,7,7,6,8,8,6,7,7,2024-08-14T00:00:00.000Z,"Breach,Cypher,Sova,Omen,Neon","Breach,Cypher,Omen,Neon,Fade"
Valorant Champions 2024 - Group Stage,Lotus,EDward Gaming,Paper Rex,13,4,9,3,4,1,1,4,3,9,2024-08-11T00:00:00.000Z,"Breach,Omen,Neon,Fade,Clove","Raze,Cypher,Omen,Jett,Skye"
Valorant Champions 2024 - Group Stage,Sunset,EDward Gaming,Paper Rex,13,8,6,6,7,2,2,7,6,6,2024-08-11T00:00:00.000Z,"Cypher,Sova,Omen,KAY/O,Neon","Breach,Raze,Sage,Omen,Gekko"
Valorant Champions 2024 - Group Stage,Icebox,EDward Gaming,Paper Rex,3,13,0,4,3,9,9,3,4,0,2024-08-11T00:00:00.000Z,"Sova,Killjoy,Viper,Jett,KAY/O","Sova,Killjoy,Viper,Sage,Jett"
Valorant Champions 2024 - Group Stage,Sunset,Leviatán,Team Vitality,13,4,3,2,10,2,2,10,2,3,2024-08-11T00:00:00.000Z,"Breach,Cypher,Sova,Omen,Neon","Cypher,Sova,Omen,KAY/O,Neon"
Valorant Champions 2024 - Group Stage,Icebox,Leviatán,Team Vitality,14,12,6,7,8,5,5,8,7,6,2024-08-11T00:00:00.000Z,"Sova,Killjoy,Viper,Jett,Harbor","Sova,Killjoy,Viper,Jett,Gekko"
Valorant Champions 2024 - Group Stage,Lotus,FNATIC,KRÜ Esports,13,5,5,1,8,4,4,8,1,5,2024-08-10T00:00:00.000Z,"Raze,Killjoy,Viper,Omen,Fade","Raze,Killjoy,Viper,Omen,Fade"
Valorant Champions 2024 - Group Stage,Haven,FNATIC,KRÜ Esports,13,9,7,3,6,6,6,6,3,7,2024-08-10T00:00:00.000Z,"Cypher,Sova,Omen,Yoru,Iso","Breach,Cypher,Sova,Omen,Neon"
Valorant Champions 2024 - Group Stage,Sunset,FNATIC,KRÜ Esports,11,13,7,5,4,8,8,4,5,7,2024-08-10T00:00:00.000Z,"Breach,Raze,Cypher,Sova,Astra","Breach,Cypher,Sova,Omen,Neon"
Valorant Champions 2024 - Group Stage,Icebox,Gen.G Esports,Sentinels,6,13,5,7,1,6,6,1,7,5,2024-08-10T00:00:00.000Z,"Killjoy,Viper,Jett,KAY/O,Gekko","Sova,Killjoy,Viper,Jett,KAY/O"
Valorant Champions 2024 - Group Stage,Lotus,Gen.G Esports,Sentinels,9,13,4,6,5,7,7,5,6,4,2024-08-10T00:00:00.000Z,"Raze,Killjoy,Viper,Omen,Fade","Raze,Killjoy,Viper,Omen,Fade"
Valorant Champions 2024 - Group Stage,Bind,FUT Esports,Paper Rex,6,13,3,9,3,4,4,3,9,3,2024-08-09T00:00:00.000Z,"Raze,Viper,Brimstone,Fade,Gekko","Raze,Viper,Brimstone,Fade,Gekko"
Valorant Champions 2024 - Group Stage,Sunset,FUT Esports,Paper Rex,11,13,6,6,5,7,7,5,6,6,2024-08-09T00:00:00.000Z,"Breach,Raze,Cypher,Omen,Gekko","Breach,Raze,Sage,Omen,Gekko"
Valorant Champions 2024 - Group Stage,Sunset,Talon Esports,Team Vitality,8,13,2,7,6,6,6,6,7,2,2024-08-09T00:00:00.000Z,"Raze,Cypher,Omen,Fade,Deadlock","Cypher,Sova,Omen,KAY/O,Neon"
Valorant Champions 2024 - Group Stage,Lotus,Talon Esports,Team Vitality,6,13,4,3,2,10,10,2,3,4,2024-08-09T00:00:00.000Z,"Raze,Omen,Fade,Deadlock,Clove","Breach,Raze,Cypher,Omen,Fade"
Valorant Champions 2024 - Group Stage,Icebox,Bilibili Gaming,KRÜ Esports,4,13,3,9,1,4,4,1,9,3,2024-08-08T00:00:00.000Z,"Killjoy,Viper,Sage,Jett,KAY/O","Sova,Killjoy,Viper,Jett,Gekko"
Valorant Champions 2024 - Group Stage,Lotus,Bilibili Gaming,KRÜ Esports,9,13,7,5,2,8,8,2,5,7,2024-08-08T00:00:00.000Z,"Breach,Viper,Omen,Neon,Fade","Raze,Killjoy,Viper,Omen,Fade"
Valorant Champions 2024 - Group Stage,Lotus,Sentinels,FunPlus Phoenix,13,5,4,2,9,3,3,9,2,4,2024-08-08T00:00:00.000Z,"Raze,Killjoy,Viper,Omen,Fade","Breach,Viper,Omen,Chamber,Gekko"
Valorant Champions 2024 - Group Stage,Bind,Sentinels,FunPlus Phoenix,13,8,4,8,9,0,0,9,8,4,2024-08-08T00:00:00.000Z,"Raze,Viper,Brimstone,Fade,Gekko","Viper,Omen,Yoru,Chamber,Fade"
Valorant Champions 2024 - Group Stage,Bind,EDward Gaming,G2 Esports,11,13,8,4,3,9,9,3,4,8,2024-08-07T00:00:00.000Z,"Raze,Viper,Brimstone,Fade,Gekko","Raze,Viper,Brimstone,Skye,Gekko"
Valorant Champions 2024 - Group Stage,Haven,EDward Gaming,G2 Esports,11,13,5,7,6,6,6,6,7,5,2024-08-07T00:00:00.000Z,"Breach,Cypher,Sova,Omen,Neon","Sova,Killjoy,Viper,Omen,Yoru"
Valorant Champions 2024 - Group Stage,Icebox,EDward Gaming,G2 Esports,13,8,9,3,4,5,5,4,3,9,2024-08-07T00:00:00.000Z,"Sova,Killjoy,Viper,Jett,KAY/O","Sova,Killjoy,Viper,Harbor,Gekko"
Valorant Champions 2024 - Group Stage,Ascent,Leviatán,Trace Esports,5,13,2,10,3,3,3,3,10,2,2024-08-07T00:00:00.000Z,"Cypher,Sova,Omen,Jett,Deadlock","Sova,Killjoy,Omen,Jett,KAY/O"
Valorant Champions 2024 - Group Stage,Sunset,Leviatán,Trace Esports,13,9,6,4,7,5,5,7,4,6,2024-08-07T00:00:00.000Z,"Breach,Cypher,Sova,Omen,Neon","Breach,Raze,Cypher,Sova,Omen"
Valorant Champions 2024 - Group Stage,Bind,Leviatán,Trace Esports,10,13,5,6,5,7,7,5,6,5,2024-08-07T00:00:00.000Z,"Raze,Viper,Brimstone,Skye,Gekko","Raze,Cypher,Brimstone,Skye,Deadlock"
Valorant Champions 2024 - Group Stage,Lotus,FNATIC,DRX,6,13,1,6,5,7,7,5,6,1,2024-08-06T00:00:00.000Z,"Raze,Killjoy,Viper,Omen,Fade","Raze,Viper,Omen,Chamber,Fade"
Valorant Champions 2024 - Group Stage,Abyss,FNATIC,DRX,11,13,5,7,6,6,6,6,7,5,2024-08-06T00:00:00.000Z,"Sova,Killjoy,Viper,Yoru,Astra","Cypher,Sova,Omen,Jett,KAY/O"
Valorant Champions 2024 - Group Stage,Bind,Gen.G Esports,Team Heretics,10,13,6,5,4,8,8,4,5,6,2024-08-06T00:00:00.000Z,"Raze,Cypher,Viper,Brimstone,Skye","Viper,Skye,Yoru,Astra,Gekko"
Valorant Champions 2024 - Group Stage,Lotus,Gen.G Esports,Team Heretics,11,13,8,4,3,9,9,3,4,8,2024-08-06T00:00:00.000Z,"Raze,Killjoy,Viper,Omen,Fade","Raze,Killjoy,Viper,Omen,Fade"
Valorant Champions 2024 - Group Stage,Abyss,Gen.G Esports,Team Heretics,13,11,7,5,6,6,6,6,5,7,2024-08-06T00:00:00.000Z,"Sova,Viper,Jett,Yoru,Astra","Cypher,Sova,Jett,Astra,Gekko"
Valorant Champions 2024 - Group Stage,Bind,EDward Gaming,FUT Esports,13,10,8,4,5,6,6,5,4,8,2024-08-04T00:00:00.000Z,"Raze,Viper,Brimstone,Fade,Gekko","Raze,Viper,Brimstone,Fade,Gekko"
Valorant Champions 2024 - Group Stage,Lotus,EDward Gaming,FUT Esports,13,9,8,4,5,5,5,5,4,8,2024-08-04T00:00:00.000Z,"Breach,Omen,Neon,Fade,Clove","Breach,Cypher,Viper,Omen,Jett"
Valorant Champions 2024 - Group Stage,Lotus,G2 Esports,Paper Rex,13,9,4,6,9,3,3,9,6,4,2024-08-04T00:00:00.000Z,"Raze,Killjoy,Viper,Omen,Fade","Omen,Jett,KAY/O,Neon,Fade"
Valorant Champions 2024 - Group Stage,Icebox,G2 Esports,Paper Rex,13,8,8,4,5,4,4,5,4,8,2024-08-04T00:00:00.000Z,"Sova,Killjoy,Viper,Harbor,Gekko","Sova,Killjoy,Viper,Sage,Jett"
Valorant Champions 2024 - Group Stage,Bind,Team Vitality,Trace Esports,7,13,6,6,1,7,7,1,6,6,2024-08-03T00:00:00.000Z,"Raze,Viper,Omen,Fade,Gekko","Raze,Cypher,Brimstone,Skye,Deadlock"
Valorant Champions 2024 - Group Stage,Sunset,Team Vitality,Trace Esports,13,7,5,3,8,4,4,8,3,5,2024-08-03T00:00:00.000Z,"Cypher,Sova,Omen,KAY/O,Neon","Breach,Raze,Cypher,Sova,Omen"
Valorant Champions 2024 - Group Stage,Ascent,Team Vitality,Trace Esports,13,15,7,7,6,8,8,6,7,7,2024-08-03T00:00:00.000Z,"Sova,Killjoy,Omen,Jett,KAY/O","Sova,Killjoy,Omen,Jett,KAY/O"
Valorant Champions 2024 - Group Stage,Ascent,Leviatán,Talon Esports,13,8,5,4,8,4,4,8,4,5,2024-08-03T00:00:00.000Z,"Cypher,Sova,Omen,Jett,Deadlock","Sova,Phoenix,Sage,KAY/O,Clove"
Valorant Champions 2024 - Group Stage,Bind,Leviatán,Talon Esports,13,11,6,6,7,5,5,7,6,6,2024-08-03T00:00:00.000Z,"Raze,Viper,Brimstone,Skye,Gekko","Viper,Omen,Skye,Yoru,Neon"
Valorant Champions 2024 - Group Stage,Lotus,FNATIC,Bilibili Gaming,13,4,3,2,10,2,2,10,2,3,2024-08-02T00:00:00.000Z,"Raze,Killjoy,Viper,Omen,Fade","Breach,Cypher,Omen,Neon,Fade"
Valorant Champions 2024 - Group Stage,Bind,FNATIC,Bilibili Gaming,13,9,6,4,7,5,5,7,4,6,2024-08-02T00:00:00.000Z,"Raze,Viper,Astra,Fade,Gekko","Raze,Cypher,Viper,Brimstone,Skye"
Valorant Champions 2024 - Group Stage,Bind,DRX,KRÜ Esports,13,6,4,3,9,3,3,9,3,4,2024-08-02T00:00:00.000Z,"Raze,Viper,Brimstone,Fade,Gekko","Raze,Viper,Brimstone,Fade,Gekko"
Valorant Champions 2024 - Group Stage,Abyss,DRX,KRÜ Esports,13,6,5,2,8,4,4,8,2,5,2024-08-02T00:00:00.000Z,"Cypher,Sova,Omen,Jett,KAY/O","Cypher,Sova,Omen,KAY/O,Harbor"
Valorant Champions 2024 - Group Stage,Haven,DRX,KRÜ Esports,2,13,2,10,0,3,3,0,10,2,2024-08-02T00:00:00.000Z,"Breach,Cypher,Sova,Omen,Jett","Breach,Cypher,Sova,Omen,Neon"
Valorant Champions 2024 - Group Stage,Lotus,FunPlus Phoenix,Team Heretics,13,15,6,8,7,7,7,7,8,6,2024-08-01T00:00:00.000Z,"Raze,Viper,Omen,Astra,Gekko","Raze,Killjoy,Viper,Omen,Fade"
Valorant Champions 2024 - Group Stage,Bind,FunPlus Phoenix,Team Heretics,13,9,5,5,8,4,4,8,5,5,2024-08-01T00:00:00.000Z,"Viper,Omen,Yoru,Chamber,Fade","Raze,Viper,Brimstone,Fade,Gekko"
Valorant Champions 2024 - Group Stage,Abyss,FunPlus Phoenix,Team Heretics,12,14,8,5,4,9,9,4,5,8,2024-08-01T00:00:00.000Z,"Cypher,Viper,Omen,Yoru,Fade","Cypher,Sova,Jett,Astra,Gekko"
Valorant Champions 2024 - Group Stage,Ascent,Gen.G Esports,Sentinels,13,7,8,4,5,3,3,5,4,8,2024-08-01T00:00:00.000Z,"Sova,Killjoy,Omen,Jett,KAY/O","Cypher,Sova,Omen,Jett,Deadlock"
Valorant Champions 2024 - Group Stage,Haven,Gen.G Esports,Sentinels,13,8,6,3,7,5,5,7,3,6,2024-08-01T00:00:00.000Z,"Killjoy,Viper,Omen,Jett,Skye","Breach,Cypher,Sova,Omen,Jett"
Champions Tour 2024 EMEA: Ascension - Play-Ins: Playoffs,Haven,KPI Gaming,CGN Esports,6,13,5,7,1,6,6,1,7,5,2024-07-31T00:00:00.000Z,"Breach,Sova,Killjoy,Omen,Jett","Sova,Phoenix,Omen,Jett,Deadlock"
Champions Tour 2024 EMEA: Ascension - Play-Ins: Playoffs,Ascent,KPI Gaming,CGN Esports,11,13,3,9,8,4,4,8,9,3,2024-07-31T00:00:00.000Z,"Sova,Killjoy,Omen,Jett,KAY/O","Sova,Killjoy,Phoenix,Jett,Astra"
Champions Tour 2024 EMEA: Ascension - Play-Ins: Playoffs,Lotus,KPI Gaming,CGN Esports,9,13,7,3,2,10,10,2,3,7,2024-07-31T00:00:00.000Z,"Raze,Viper,Omen,Chamber,Fade","Raze,Sova,Killjoy,Omen,Gekko"
Champions Tour 2024 EMEA: Ascension - Play-Ins: Playoffs,Lotus,Galakticos,CGN Esports,6,13,3,4,3,9,9,3,4,3,2024-07-30T00:00:00.000Z,"Breach,Raze,Sova,Omen,Chamber","Raze,Sova,Killjoy,Omen,Gekko"
Champions Tour 2024 EMEA: Ascension - Play-Ins: Playoffs,Bind,Galakticos,CGN Esports,13,6,8,4,5,2,2,5,4,8,2024-07-30T00:00:00.000Z,"Raze,Viper,Brimstone,Fade,Gekko","Viper,Phoenix,Brimstone,Yoru,Deadlock"
Champions Tour 2024 EMEA: Ascension - Play-Ins: Playoffs,Ascent,Galakticos,CGN Esports,7,13,2,6,5,7,7,5,6,2,2024-07-30T00:00:00.000Z,"Cypher,Sova,Omen,Jett,KAY/O","Sova,Killjoy,Phoenix,Jett,Astra"
Champions Tour 2024 EMEA: Ascension - Play-Ins: Playoffs,Lotus,KPI Gaming,Valiant,13,11,8,4,5,7,7,5,4,8,2024-07-30T00:00:00.000Z,"Raze,Viper,Omen,Chamber,Fade","Raze,Cypher,Omen,Fade,Deadlock"
Champions Tour 2024 EMEA: Ascension - Play-Ins: Playoffs,Ascent,KPI Gaming,Valiant,6,13,1,6,5,7,7,5,6,1,2024-07-30T00:00:00.000Z,"Sova,Killjoy,Omen,Jett,KAY/O","Sova,Killjoy,Omen,Jett,KAY/O"
Champions Tour 2024 EMEA: Ascension - Play-Ins: Playoffs,Icebox,KPI Gaming,Valiant,13,2,10,2,3,0,0,3,2,10,2024-07-30T00:00:00.000Z,"Killjoy,Viper,Jett,KAY/O,Gekko","Sova,Killjoy,Viper,Jett,Gekko"
